11
11
11
11
12
12
13
14
14
14
15
15
16
16
21
24
25
25
26
26
26
19
14
13
13
13
13
12
11
10
10
10
10
10
10
11
11
11
13
13
13
12
14
15
17
19
20
20
20
19
19
20
20
22
22
22
19
19
19
17
17
17
16
13
12
12
12
11
12
12
12
13
14
15
15
16
17
14
10
9
11
12
6
5
7
6
5
2
1
1
1
1
1
1
4
5
6
8
7
6
6
6
2
1
0
0
0
0
0
0
0
0
0
0
0
0
0
0
0
0
1
1
0
0
0
0
0
1
0
0
0
0
0
0
0
0
0
0
0
0
0
0
0
0
0
0
0
0
0
0
0
5
9
20
20
18
18
16
16
15
15
14
13
13
12
12
12
14
24
26
25
25
24
24
27
28
28
31
31
30
29
27
26
25
25
29
36
34
33
30
28
26
23
21
18
16
14
12
10
7
5
3
0
0
0
0
0
0
0
0
0
0
0
0
0
0
0
0
0
0
0
0
0
0
0
0
0
0
0
0
0
0
0
0
0
0
0
0
0
0
0
0
0
0
0
0
0
0
0
0
0
0
0
0
0
0
0
0
0
0
0
0
0
0
0
0
0
0
0
0
0
0
0
0
0
0
0
0
0
0
0
0
0
0
0
0
0
0
0
0
0
0
0
0
0
0
0
0
0
0
0
0
0
0
0
0
0
0
0
0
0
0
0
0
0
0
0
0
0
0
0
0
0
0
0
0
0
0
0
0
0
0
0
0
0
0
0
0
0
7
18
41
55
50
49
49
49
37
56
71
88
103
103
103
103
103
103
91
87
79
67
52
38
4
0
0
0
0
0
0
0
0
0
0
0
0
0
0
0
0
0
0
0
0
0
0
0
0
0
0
0
0
0
0
0
0
10
43
62
74
77
89
93
84
81
87
76
67
53
36
22
4
0
0
0
5
11
15
18
22
26
30
34
38
43
47
51
56
61
64
68
70
71
70
70
70
70
67
64
60
55
51
46
41
37
33
28
23
20
18
18
19
20
30
37
47
54
61
68
76
84
92
91
85
80
74
67
62
55
48
42
35
27
22
15
8
0
0
0
0
0
0
0
0
0
0
0
0
0
0
0
0
0
1
2
3
3
3
3
3
2
1
3
5
8
11
2
2
2
2
2
6
10
6
6
16
23
22
20
23
27
31
32
36
32
31
32
26
20
19
18
4
1
0
0
0
0
0
0
1
12
16
12
5
4
2
0
0
0
0
0
0
0
0
0
0
0
0
0
0
0
0
6
13
20
27
35
42
52
61
68
77
87
97
98
98
99
98
91
82
81
72
62
52
41
35
35
34
34
34
34
35
38
43
49
61
67
70
74
78
76
73
70
69
70
70
69
65
62
57
53
49
44
40
36
31
28
23
20
16
12
7
0
0
3
16
25
37
49
68
96
99
99
100
100
100
100
99
98
97
79
59
58
57
41
24
23
24
23
26
30
32
36
39
43
47
49
53
56
59
57
56
56
57
58
57
57
56
57
56
55
53
51
49
47
44
41
38
35
31
28
24
21
14
12
11
9
6
3
0
0
0
0
0
0
0
0
0
0
0
0
0
0
0
0
0
0
0
0
0
0
0
0
0
0
0
0
0
0
0
0
0
0
0
0
0
0
0
0
0
0
0
0
0
0
0
0
0
0
0
0
0
0
0
0
0
0
16
37
53
70
80
84
87
89
90
93
93
95
96
97
87
73
60
45
33
32
31
31
31
31
31
31
31
31
31
31
31
31
31
31
32
32
34
36
42
56
75
91
89
88
87
86
85
82
76
76
75
74
66
45
32
15
0
0
0
0
0
11
21
31
43
46
48
50
52
54
56
56
58
58
60
54
52
52
51
51
53
52
54
56
58
58
58
58
56
57
51
52
53
54
55
56
60
67
79
76
74
71
68
65
62
59
55
52
48
42
37
28
6
0
0
0
0
0
0
0
0
5
7
22
47
50
59
66
68
71
72
73
74
75
75
75
76
59
54
52
48
47
45
44
43
45
45
45
46
46
46
47
47
47
47
48
50
51
52
55
57
62
77
76
75
75
74
73
71
69
66
61
55
41
35
29
18
0
0
0
0
0
0
0
0
0
0
0
0
0
0
0
0
0
0
0
0
0
0
0
0
0
0
0
0
0
0
3
14
27
43
56
71
73
74
64
51
38
25
10
0
0
0
0
0
0
0
0
0
0
0
0
0
0
0
0
0
0
0
0
0
0
0
0
0
0
0
0
0
0
0
0
0
0
0
0
0
0
0
0
0
0
0
0
0
0
0
0
0
0
0
0
0
0
0
0
0
0
0
0
0
0
0
0
0
0
0
0
0
0
0
0
0
0
0
0
0
0
0
0
0
0
0
0
0
0
0
0
0
0
0
0
0
0
0
0
0
0
0
0
0
0
0
0
0
0
0
0
0
0
0
0
0
0
0
0
0
0
0
0
0
0
0
0
0
0
0
0
0
0
0
0
0
0
0
0
0
0
1
5
9
12
15
19
22
26
28
32
35
39
41
45
48
51
51
44
45
48
43
44
46
46
50
53
56
60
62
66
68
68
66
66
64
59
52
39
35
30
27
23
19
14
14
13
11
12
13
17
18
18
19
21
20
16
11
12
14
15
17
21
22
25
30
36
39
37
45
55
58
64
67
69
71
72
73
75
76
80
74
67
63
57
53
47
44
38
36
37
38
38
38
38
38
38
37
37
38
38
38
39
38
39
38
37
36
36
34
34
34
34
33
38
31
32
32
31
32
36
34
31
31
30
31
31
31
30
30
30
29
29
26
25
23
23
23
25
28
28
27
26
31
39
42
42
43
46
49
50
52
52
54
51
44
44
43
47
41
39
38
30
27
38
47
47
32
32
31
31
