10
11
38
53
75
133
223
322
354
377
394
404
412
421
433
439
448
456
462
466
475
480
483
483
478
480
481
485
488
490
484
470
457
452
452
452
454
459
465
468
469
473
479
479
480
479
481
473
467
460
453
456
455
459
462
468
474
477
474
473
466
466
460
458
455
452
446
440
440
435
424
415
393
374
358
345
344
348
347
348
350
350
350
352
356
361
366
369
375
386
394
419
434
426
428
431
426
423
422
426
424
423
426
426
428
431
431
422
419
407
384
373
367
360
360
357
358
355
355
352
353
354
357
358
361
363
369
372
374
377
374
373
377
374
372
371
373
373
374
371
371
369
360
356
357
357
359
357
356
352
348
341
334
333
345
334
331
333
329
330
331
328
329
330
331
328
330
329
327
327
329
332
335
333
333
336
338
342
346
373
400
461
513
525
532
559
580
582
587
596
598
599
594
591
589
585
582
579
576
573
568
562
560
556
552
546
539
534
527
520
511
500
421
352
284
190
100
50
20
0
0
0
0
0
0
0
0
0
0
0
0
0
0
0
0
0
0
0
0
0
0
0
0
0
